DEF 516 {

	Kb {
-0.061538462	,	-34.69230769	,	3.7	,	12	,
0.008163265	,	-42.04081633	,	4.8	,	-6	,
-0.030769231	,	23.15384615	,	3.8	,	-21	,
0.123076923	,	30.38461538	,	3.8	,	-8	,
0.2	,	-21	,	3.8	,	5	,
0.282051282	,	6.58974359	,	4	,	-5	,
-0.102564103	,	38.51282051	,	4.5	,	21	,
-0.082051282	,	-32.58974359	,	4	,	15	,
-0.128205128	,	-28.35897436	,	4	,	6	,
0.076923077	,	5.615384615	,	3.7	,	-8	,
-0.21025641	,	69.05128205	,	5	,	0	,
0.097435897	,	33.51282051	,	4.5	,	-16	
	}

	Fpn_lg {
		214.21875,	153.03125,	138.375,	183.3541667,	202.7395833,	179.3020833,	177.7708333,	99.75,	172.9479167,	134.5416667,	244.1041667,	179.6666667

	}

	Fpn_hg {
		238.1458333,	186.75	174.5625,	216.7291667,	233.9479167,	215.2083333,	213.6354167,	133.8645833,	204.5416667,	165.9791667,	282.3333333,	213.8958333

	}

	AutoV20_lg { 
		0x08
	}

	AutoV20_hg {
		0x0a
	}

	Rampgen {
		0x88
	}
	
	Temp_calib {
		29.92, -19.92,  0,0,0,0,0,0,0,0,0,0
	}
}

